791.999878      583.999878      14617.000000    0.076991        0.168248        0
48.777573       33.374130       577.000000      0.731471        0.035344        0
60.141411       24.025160       426.000000      0.282523        0.285122        0
38.060436       16.583843       308.000000      0.189445        0.382765        0
772.087158      606.509155      14839.000000    0.048670        0.077910        0
36.324329       22.870874       372.000000      0.563441        0.029998        0
792.139709      588.980530      18892.000000    0.165685        0.266430        0
68.586105       37.780483       751.000000      0.535072        0.102065        0
35.800438       35.226974       444.000000      0.316017        0.319579        0
119.204651      37.766804       1133.000000     0.254543        0.516021        0
45.773735       37.109039       454.000000      0.156794        0.471220        0
55.108738       24.747656       593.000000      0.082877        0.333209        0
787.721985      592.647400      18974.000000    0.133209        0.198377        0
82.613281       34.136047       772.000000      0.693264        0.116076        0
53.343590       25.887331       405.000000      0.336819        0.340931        0
53.122967       14.331347       373.000000      0.213724        0.436049        0
63.610065       39.426743       837.000000      0.127450        0.392325        0
53.572987       39.510525       674.000000      0.089529        0.367499        0
46.846035       15.741023       372.000000      0.066551        0.333863        0
35.457176       27.018513       388.000000      0.088124        0.529268        0
813.855042      574.963684      16265.000000    0.071683        0.117607        0
815.041626      578.168762      16436.000000    0.072250        0.122926        0
803.000000      573.000000      14595.000000    0.082973        0.162083        0
807.828430      575.708618      17590.000000    0.105389        0.167183        0
774.660034      593.389893      21126.000000    0.211108        0.303055        0
50.534077       20.364151       315.000000      0.993340        0.014255        0
51.147354       43.283619       867.000000      0.223464        0.250599        2
54.562035       31.455952       686.000000      0.192807        0.393246        2
799.121094      591.804321      24586.000000    0.188656        0.292564        0
80.327332       14.566400       411.000000      0.994275        0.011987        0
37.164913       20.246559       392.000000      0.481898        0.484080        0
48.000000       18.000000       409.000000      0.143692        0.288322        2
38.835403       38.238857       421.000000      0.111033        0.333887        2
42.059036       25.177807       361.000000      0.099836        0.400520        2
36.000000       28.000000       763.000000      0.161002        0.806318        0
767.776611      588.312805      12009.000000    0.027460        0.034412        0
770.244141      591.768616      17581.000000    0.097023        0.144678        0
73.205254       19.507006       823.000000      0.739237        0.065444        2
41.526348       18.305994       330.000000      0.324516        0.327406        2
73.184265       24.420155       807.000000      0.174138        0.354311        2
42.000000       14.000000       386.000000      0.044613        0.155112        2
819.829895      594.593506      22480.000000    0.245874        0.313447        0
82.001083       41.174911       1508.000000     0.136969        0.062740        2
101.900978      54.896629       2024.000000     0.040191        0.078922        2
41.047810       29.121761       369.000000      0.189443        0.383007        0
63.833843       35.345036       743.000000      0.155434        0.472265        0
38.088394       29.075840       374.000000      0.146065        0.590599        0
49.241791       28.031849       479.000000      0.134156        0.671173        0
45.922508       31.173672       671.000000      0.086300        0.524941        0
36.781342       24.737072       377.000000      0.063758        0.446552        0
33.298824       20.391462       367.000000      0.020173        0.196719        2
39.861832       26.408463       384.000000      0.078045        0.703353        0
46.830551       33.804836       625.000000      0.029681        0.300731        0
47.191895       26.433249       420.000000      0.053500        0.588944        0
37.476658       19.798988       329.000000      0.057029        0.684727        0
76.264275       31.824949       906.000000      0.044301        0.576836        0
94.546700       34.535950       999.000000      0.035557        0.499028        0
50.785748       27.544456       655.000000      0.029685        0.450028        0
27.000000       24.000000       303.000000      0.036040        0.577251        0
38.800003       27.400000       429.000000      0.033799        0.574830        0
54.691055       21.095993       406.000000      0.029690        0.534775        0
34.148167       27.657194       347.000000      0.029311        0.557136        0
817.738037      594.397827      19863.000000    0.159933        0.269033        0
31.497074       21.894308       330.000000      0.395888        0.111461        2
101.105377      55.238060       1909.000000     0.039917        0.081023        2
77.692169       49.643097       1202.000000     0.321003        0.645772        0
56.926392       47.379288       1130.000000     0.246088        0.738609        0
94.148247       63.499844       2022.000000     0.052489        0.235891        2
44.684155       16.095415       316.000000      0.128227        0.642548        0
806.474854      621.522278      19848.000000    0.175720        0.294087        0
53.733131       21.250566       481.000000      0.462077        0.020522        0
66.478935       34.502197       679.000000      0.302160        0.308510        0
58.197151       32.143898       602.000000      0.258222        0.520398        0
38.345482       20.259102       378.000000      0.201914        0.606204        0
807.806030      619.406067      19748.000000    0.156530        0.251272        0
62.520000       26.520000       513.000000      0.638650        0.025871        0
34.432816       20.709593       336.000000      0.398337        0.399800        0
39.285992       22.532682       327.000000      0.208311        0.420018        0
32.904442       24.284830       311.000000      0.189339        0.568453        0
65.599983       33.599998       777.000000      0.151992        0.608572        0
148.466339      58.005646       1698.000000     0.087757        0.442425        0
46.189945       21.403221       342.000000      0.080636        0.484191        0
53.328362       17.698124       377.000000      0.066993        0.469375        0
40.305084       38.183762       368.000000      0.075077        0.600839        0
114.608093      40.063221       1273.000000     0.061706        0.556733        0
56.221798       18.440369       368.000000      0.051740        0.518090        0
81.338707       39.826717       1002.000000     0.041612        0.458608        0
761.012756      570.149048      25211.000000    0.346540        0.403267        0
69.635750       29.339863       832.000000      0.967105        0.046838        0
53.758717       13.597793       302.000000      0.435716        0.436182        0
68.467178       20.341696       628.000000      0.284955        0.570678        0
45.892849       43.784256       825.000000      0.241870        0.726700        2
52.771202       39.802010       923.000000      0.126253        0.511890        2
90.778145       46.833614       1582.000000     0.162885        0.814946        2
98.623459       26.904377       1038.000000     0.106813        0.643075        2
45.938503       33.031849       592.000000      0.090976        0.643098        2
57.053944       50.440346       691.000000      0.110440        0.883558        0
80.000000       50.000000       1427.000000     0.097100        0.874637        0
78.462486       47.992962       1350.000000     0.089520        0.895433        0
32.670490       18.878796       323.000000      0.029771        0.328684        2
112.432045      60.507736       1926.000000     0.074169        0.890878        0
34.648228       26.870054       648.000000      0.047238        0.617186        2
734.324524      609.425842      28218.000000    0.424162        0.439704        0
30.037106       17.488270       340.000000      0.653679        0.019440        0
38.567928       34.139648       401.000000      0.353870        0.354755        0
37.000000       25.000000       551.000000      0.138785        0.280283        2
34.946114       20.523907       412.000000      0.079702        0.240347        2
29.911636       23.622524       350.000000      0.129817        0.520206        0
27.457657       19.691856       333.000000      0.082793        0.415532        0
72.011337       35.553520       861.000000      0.088915        0.541971        2
121.249504      47.162113       1581.000000     0.082072        0.576930        2
40.305084       24.748737       387.000000      0.086236        0.690519        2
51.066311       48.195114       1189.000000     0.069759        0.637023        2
47.672421       25.272123       424.000000      0.066918        0.669375        2
69.565056       16.038822       557.000000      0.063062        0.694184        0
55.961979       20.781824       371.000000      0.061995        0.745017        2
52.170940       26.338728       702.000000      0.054116        0.704321        2
31.060043       20.690840       323.000000      0.047554        0.671385        2
69.952133       15.636969       349.000000      0.049451        0.742243        0
33.613724       24.695799       351.000000      0.055941        0.895718        0
43.006664       14.297121       333.000000      0.043973        0.747923        0
79.148026       23.226727       546.000000      0.045087        0.813547        0
27.000000       20.000000       362.000000      0.047517        0.903858        0
738.666077      598.258545      23501.000000    0.301091        0.383935        0
66.205917       23.419209       443.000000      0.883760        0.024400        0
40.538467       18.384619       372.000000      0.319307        0.322649        2
29.038900       27.515881       493.000000      0.329868        0.659844        2
61.031803       27.479683       721.000000      0.201611        0.609482        2
58.689861       12.727922       374.000000      0.134288        0.537558        0
50.025787       19.137856       334.000000      0.100898        0.505428        0
64.089767       33.479244       880.000000      0.088037        0.529895        0
54.430141       19.945900       403.000000      0.089087        0.624531        0
800.000000      625.000000      18593.000000    0.106393        0.148289        0
69.773254       21.968372       517.000000      0.825722        0.125800        0
815.000000      622.000000      19191.000000    0.096812        0.128361        0
23.702320       22.807894       362.000000      0.036865        0.047829        0
805.237244      626.290527      19082.000000    0.092612        0.130127        0
23.000000       22.000000       353.000000      0.038238        0.050255        0
27.752960       23.513710       328.000000      0.307227        0.312360        0
796.841797      628.004089      19911.000000    0.163580        0.259820        0
45.215641       28.961651       477.000000      0.995840        0.007454        0
23.000000       22.000000       338.000000      0.016249        0.042861        0
107.480217      38.183762       1289.000000     0.314978        0.636583        0
34.778862       16.524435       370.000000      0.197825        0.597437        0
61.000000       23.000000       518.000000      0.198890        0.795633        0
40.231369       22.717022       453.000000      0.112587        0.567456        2
783.515442      590.132812      18862.000000    0.188492        0.297924        0
41.558754       20.248226       436.000000      0.046690        0.042275        2
780.143555      587.946960      14762.000000    0.061570        0.095235        0
23.000000       22.000000       352.000000      0.038380        0.050115        0
31.504822       19.349417       381.000000      0.022423        0.044455        2
690.760376      621.055054      13381.000000    0.081521        0.114706        0
117.188995      11.007156       435.000000      0.013487        0.010266        0
41.157661       20.969378       368.000000      0.075101        0.077625        2
33.000000       18.000000       335.000000      0.044218        0.095353        2
797.000000      599.000000      20869.000000    0.216589        0.307304        0
25.455841       23.334520       350.000000      0.190902        0.048775        2
40.775330       36.623058       486.000000      0.119547        0.125021        2
786.296997      602.389893      17537.000000    0.152813        0.250016        0
47.290840       22.560768       357.000000      0.607030        0.039969        2
44.528465       16.744688       390.000000      0.462619        0.465216        0
802.999878      600.999878      18898.000000    0.135068        0.215869        0
73.222389       28.465538       579.000000      0.997975        0.002116        0
802.445190      602.273315      21909.000000    0.219278        0.310579        0
74.999199       9.265957        414.000000      0.996921        0.002909        0
782.762695      601.409790      19433.000000    0.204701        0.307796        0
27.968275       27.836969       404.000000      0.024743        0.025973        0
143.348236      18.863153       949.000000      0.022166        0.040055        0
772.618225      554.701904      15658.000000    0.076159        0.107465        0
34.882660       21.913469       492.000000      0.167416        0.074658        2
47.000000       26.000000       697.000000      0.038571        0.071214        2
631.562927      561.022461      9124.000000     0.033280        0.042635        0
27.738752       26.217216       355.000000      0.019597        0.020125        0
40.000496       23.283871       411.000000      0.013840        0.027994        2
37.420506       20.283001       428.000000      0.020426        0.057576        2
238.530182      28.306198       973.000000      0.003998        0.021342        0
655.657654      639.193726      14647.000000    0.078216        0.104985        0
168.098663      20.811514       874.000000      0.019581        0.017047        0
27.577164       25.455845       358.000000      0.010089        0.023412        0
86.769585       9.577859        409.000000      0.006680        0.020382        0
776.000000      552.000000      18907.000000    0.156846        0.238934        0
28.000000       27.000000       377.000000      0.020565        0.020581        0
31.709894       13.799676       312.000000      0.391949        0.393677        2
679.667786      647.082031      13090.000000    0.069693        0.087385        0
600.817261      563.272644      9550.000000     0.045480        0.055416        0
36.309078       21.541763       346.000000      0.045415        0.047832        0
31.000000       28.000000       378.000000      0.015624        0.030595        0
123.157196      8.907726        348.000000      0.003144        0.009218        0
617.987061      418.905060      5942.000000     0.020142        0.019650        0
165.408234      16.153400       601.000000      0.013670        0.009453        0
777.000000      599.000000      13091.000000    0.040328        0.051174        0
654.630615      628.171631      12664.000000    0.064058        0.080244        0
181.319977      24.559999       662.000000      0.013329        0.009247        0
251.864502      32.352142       988.000000      0.006021        0.011508        0
638.397339      623.347534      13103.000000    0.077122        0.096566        0
91.241364       8.375325        304.000000      0.011416        0.008543        0
131.998657      12.291151       394.000000      0.005584        0.009316        0
671.544434      595.354980      11315.000000    0.046389        0.059385        0
110.782082      9.627003        372.000000      0.011079        0.008188        0
699.301636      588.056519      13803.000000    0.065754        0.080733        0
25.000000       24.000000       315.000000      0.015649        0.015619        0
25.455841       22.627415       308.000000      0.148892        0.150983        2
804.737183      615.744385      20488.000000    0.132643        0.164918        0
39.787674       18.350349       316.000000      0.330822        0.661718        0
829.357727      620.977783      28195.000000    0.335334        0.364853        0
55.272793       13.988793       377.000000      0.998252        0.001991        0
831.533020      620.961182      26981.000000    0.319315        0.350486        0
792.972107      625.563904      23644.000000    0.243799        0.329158        0
654.000000      474.000000      12488.000000    0.098774        0.077887        0
644.000000      481.000000      13511.000000    0.112288        0.093798        0
659.140625      475.155701      12628.000000    0.096588        0.071304        0
54.780819       30.664482       591.000000      0.358661        0.030440        0
651.913208      481.860809      13743.000000    0.117618        0.099695        0
65.983665       18.439327       433.000000      0.353620        0.016772        0
803.000000      600.000000      15223.000000    0.050981        0.075132        0
123.514938      58.283394       2138.000000     0.317418        0.046929        1
270.360046      151.831543      6816.000000     0.214068        0.254148        1
82.957130       17.258219       596.000000      0.136044        0.273450        1
88.033638       58.374237       931.000000      0.075194        0.233933        1
802.999878      595.999878      16160.000000    0.078255        0.126850        0
117.982445      31.288517       898.000000      0.409389        0.091785        1
316.988220      167.401978      9911.000000     0.284499        0.318533        1
69.903732       21.465767       395.000000      0.144813        0.292546        1
112.294159      48.373119       900.000000      0.078198        0.236373        1
44.529541       28.085627       459.000000      0.070330        0.287382        1
45.778019       18.830080       346.000000      0.103124        0.518648        2
576.000000      428.000000      20568.000000    0.298797        0.292138        0
37.245953       19.977375       329.000000      0.440610        0.028532        2
65.760925       52.325897       964.000000      0.161329        0.163552        1
93.126602       52.550014       1657.000000     0.114855        0.235423        1
73.997299       35.417511       585.000000      0.109356        0.329752        1
82.372978       13.312806       384.000000      0.061264        0.245585        1
49.606720       24.803360       467.000000      0.106022        0.531701        2
723.000000      532.000000      16810.000000    0.095615        0.132646        0
69.111053       11.714912       420.000000      0.558086        0.057750        1
104.675888      40.912056       2008.000000     0.190815        0.201271        1
750.210388      532.015198      21884.000000    0.338680        0.274849        0
715.817932      538.862244      15492.000000    0.097733        0.127087        0
61.015640       16.324869       414.000000      0.540409        0.091389        2
174.355820      50.906406       1672.000000     0.256901        0.264348        1
27.907812       19.721521       324.000000      0.073473        0.149216        2
57.007427       32.826900       508.000000      0.145779        0.438683        1
154.027847      69.578354       2305.000000     0.120721        0.487288        1
106.354675      44.164772       1402.000000     0.081813        0.411961        1
35.275909       27.860554       474.000000      0.050207        0.303799        1
37.774429       14.095428       308.000000      0.057149        0.400548        0
31.504824       14.139959       361.000000      0.066277        0.531857        0
717.635681      573.848022      16823.000000    0.089847        0.127918        0
34.197521       16.007351       421.000000      0.433096        0.030962        2
174.488098      75.256927       1965.000000     0.233360        0.240959        1
28.991375       21.920311       342.000000      0.072239        0.146561        2
91.993431       22.398594       557.000000      0.086297        0.262099        1
46.604393       31.475733       473.000000      0.093821        0.376765        1
179.958740      48.656837       1644.000000     0.071049        0.359802        1
32.536053       17.543951       347.000000      0.030851        0.187921        2
41.624474       14.791553       321.000000      0.067093        0.473588        2
57.460945       18.520067       405.000000      0.053277        0.432635        2
749.000000      577.000000      15601.000000    0.069209        0.096807        0
89.489639       9.860501        424.000000      0.233167        0.022985        1
34.988979       25.338217       370.000000      0.152692        0.165865        1
63.853909       17.000507       434.000000      0.084832        0.170772        1
52.795135       29.474209       386.000000      0.080733        0.243035        1
183.740845      48.607063       2006.000000     0.068556        0.281195        1
783.670227      560.579468      15739.000000    0.076640        0.109637        0
154.856384      136.471603      5621.000000     0.614603        0.117276        1
50.592087       13.548389       399.000000      0.185552        0.189234        1
34.384621       17.230772       346.000000      0.191598        0.388108        1
32.873360       17.964947       380.000000      0.068566        0.208322        1
87.112259       23.824549       882.000000      0.074280        0.304339        1
159.317795      26.103754       2205.000000     0.056349        0.288461        1
215.376450      44.747726       2755.000000     0.047597        0.291715        1
90.236763       40.432632       1110.000000     0.038686        0.274333        1
38.384422       18.281761       313.000000      0.038007        0.304540        1
36.062447       25.455845       392.000000      0.029761        0.268827        2
441.315063      412.141998      7361.000000     0.071068        0.081633        0
264.353180      55.186665       2242.000000     0.215630        0.061289        1
41.420059       21.499561       434.000000      0.224338        0.225552        0
40.778240       32.864243       554.000000      0.032517        0.067912        2
495.924469      383.386566      7749.000000     0.059232        0.068475        0
194.130676      56.291782       1620.000000     0.198262        0.040980        1
37.565941       35.777088       668.000000      0.049428        0.052553        2
525.528564      375.927429      8754.000000     0.065624        0.075524        0
215.726486      64.845970       1674.000000     0.172919        0.040118        1
31.951956       27.310513       422.000000      0.043857        0.046656        2
66.119682       30.193657       447.000000      0.073755        0.148657        1
530.867371      374.159912      8653.000000     0.060826        0.068664        0
33.520142       27.195587       432.000000      0.087010        0.015146        2
161.659348      23.291403       1401.000000     0.075524        0.087178        1
76.838516       37.507614       482.000000      0.066726        0.136250        1
66.011505       27.169859       357.000000      0.051236        0.154946        1
458.058289      397.744690      7206.000000     0.066069        0.072934        0
71.095795       36.654869       518.000000      0.270505        0.052731        1
40.493118       21.910658       425.000000      0.075460        0.080524        1
106.001366      40.206326       1437.000000     0.149403        0.310290        2
45.889996       23.782990       358.000000      0.047678        0.144310        1
73.522469       60.045353       1207.000000     0.037013        0.153814        1
479.544708      366.912292      7560.000000     0.061645        0.077849        0
80.111084       21.910582       872.000000      0.374105        0.074563        2
53.619881       31.230068       367.000000      0.122792        0.131027        1
56.279457       34.132072       696.000000      0.054230        0.112232        1
70.591202       42.489849       1147.000000     0.043223        0.134158        1
508.000000      370.000000      7969.000000     0.054759        0.057412        0
50.005939       26.128847       455.000000      0.142736        0.022424        1
82.711586       27.429861       883.000000      0.164475        0.178026        2
132.514023      21.296621       604.000000      0.024568        0.013640        0
412.470856      359.883209      6539.000000     0.072792        0.081122        0
51.608315       24.448273       495.000000      0.070180        0.074825        1
101.946960      31.822155       1219.000000     0.129108        0.270576        2
399.213348      325.606812      5466.000000     0.055695        0.049419        0
391.405792      310.816803      5645.000000     0.051736        0.056640        0
397.789734      339.816742      5851.000000     0.071946        0.075753        0
388.635620      334.126434      5921.000000     0.074193        0.074960        0
482.000000      369.000000      9402.000000     0.083568        0.100137        0
69.275269       44.903999       563.000000      0.436262        0.025471        1
130.183685      111.559990      2606.000000     0.218015        0.222056        1
93.969566       33.856873       703.000000      0.156310        0.314621        1
487.000000      359.000000      9456.000000     0.074520        0.092905        0
102.530487      89.095451       2265.000000     0.369185        0.027557        1
125.468124      43.305229       993.000000      0.208311        0.212721        1
485.999939      362.999939      9154.000000     0.072273        0.079479        0
83.181725       33.093803       563.000000      0.323310        0.024691        1
113.451637      66.955444       1704.000000     0.168611        0.170339        1
488.000000      357.000000      9284.000000     0.068431        0.077143        0
34.000000       32.000000       349.000000      0.421597        0.026749        1
59.172970       24.944424       410.000000      0.165050        0.166010        1
133.074921      74.053558       1776.000000     0.111149        0.223420        1
83.485992       33.154518       558.000000      0.080705        0.242573        1
549.508179      401.451141      13282.000000    0.131363        0.102999        0
88.479767       23.995012       1206.000000     0.163737        0.071059        1
63.170826       38.771511       870.000000      0.092211        0.106295        2
534.355530      385.029388      14449.000000    0.158234        0.112652        0
80.535728       23.255770       805.000000      0.149619        0.046876        1
555.158020      403.044067      10716.000000    0.088449        0.053747        0
41.012192       23.334520       424.000000      0.117518        0.023666        0
92.312790       29.365467       1599.000000     0.099606        0.134119        1
545.561279      366.514343      9863.000000     0.105345        0.071181        0
53.204140       13.504105       326.000000      0.122363        0.015384        2
84.916519       30.232374       1565.000000     0.104743        0.138532        1
46.977978       23.373735       343.000000      0.036121        0.073787        2
535.314697      386.839752      9959.000000     0.096038        0.065941        0
97.362221       30.322746       980.000000      0.254726        0.057569        1
50.886024       16.849676       340.000000      0.181211        0.182800        0
704.738037      552.151611      16746.000000    0.103504        0.145947        0
28.279919       26.047291       376.000000      0.485586        0.026967        0
38.460365       27.727242       369.000000      0.264164        0.264404        0
52.350456       38.647541       410.000000      0.169970        0.340346        0
63.933861       22.945587       968.000000      0.027768        0.154732        2
76.558334       40.724033       998.000000      0.076414        0.314907        2
54.943272       38.255104       757.000000      0.056137        0.299333        2
28.667711       23.719984       490.000000      0.015520        0.150630        2
145.344406      73.790245       3335.000000     0.014603        0.164471        2
57.131496       29.154732       1109.000000     0.010665        0.137941        2
47.094299       15.389363       387.000000      0.016444        0.197232        2
54.223038       28.968473       969.000000      0.006810        0.103137        2
78.246803       41.143677       1603.000000     0.007762        0.132451        2
722.355042      548.231323      16234.000000    0.107045        0.133539        0
70.382622       60.140709       2274.000000     0.126425        0.142236        2
62.022243       43.267014       1416.000000     0.063199        0.146818        2
52.744759       15.655514       338.000000      0.182759        0.365883        0
41.473591       11.884245       364.000000      0.051266        0.218636        2
164.911011      73.033684       3706.000000     0.035976        0.245008        2
57.957695       26.983173       1056.000000     0.028420        0.195972        2
40.964775       21.913469       546.000000      0.031693        0.291149        2
49.921074       30.879017       628.000000      0.063520        0.463008        2
49.326500       36.701263       638.000000      0.060039        0.487560        2
64.384567       15.084385       717.000000      0.020439        0.260754        2
703.736450      556.532776      16005.000000    0.093690        0.145699        0
27.665342       23.240751       315.000000      0.602739        0.019273        0
86.285492       41.161316       904.000000      0.243781        0.257371        2
40.696438       32.646595       431.000000      0.204085        0.408685        0
75.813515       59.201698       1498.000000     0.115046        0.358927        2
41.000000       39.000000       454.000000      0.102773        0.411532        0
39.944878       20.927462       302.000000      0.084740        0.423900        0
60.373837       42.038074       1352.000000     0.017035        0.163503        2
72.167145       64.050743       2545.000000     0.015071        0.180586        2
38.756180       25.478600       318.000000      0.060316        0.483079        0
737.388000      532.038452      19375.000000    0.157196        0.195391        0
52.601154       40.904667       893.000000      0.378412        0.047602        0
133.000000      38.000000       1934.000000     0.018029        0.037682        2
74.081169       58.706223       1749.000000     0.024665        0.102349        2
72.684349       26.791500       924.000000      0.009600        0.051798        2
35.599606       29.878242       454.000000      0.154474        0.618604        0
44.821873       22.332848       422.000000      0.062652        0.314792        0
94.726341       36.972271       1516.000000     0.013410        0.129445        2
80.000000       49.000000       1599.000000     0.005259        0.052216        2
49.368317       25.516212       497.000000      0.054207        0.434676        0
715.439026      533.437683      16918.000000    0.136126        0.201605        0
72.501213       54.349606       1205.000000     0.030266        0.026100        2
101.529907      39.892937       1644.000000     0.048312        0.112467        2
86.738289       14.880434       647.000000      0.234522        0.473963        2
63.957500       27.791281       886.000000      0.014279        0.076718        2
79.025497       55.195854       1922.000000     0.020858        0.149278        2
121.765717      37.245983       1884.000000     0.008981        0.070055        2
40.744968       18.414986       338.000000      0.068470        0.412302        0
28.144272       27.511818       319.000000      0.057972        0.406266        0
700.565552      541.856445      16488.000000    0.116049        0.123098        0
88.529144       48.249176       1831.000000     0.091790        0.072973        2
40.583855       33.158184       951.000000      0.079011        0.148373        2
228.904816      25.979761       2808.000000     0.041311        0.143365        2
41.542458       33.773479       860.000000      0.019180        0.095865        2
720.000000      545.000000      20897.000000    0.195571        0.219927        0
33.583942       29.996803       474.000000      0.178539        0.017139        2
44.547726       26.162951       609.000000      0.180415        0.184897        0
38.958885       13.444344       301.000000      0.154083        0.308918        0
25.600004       20.800003       384.000000      0.011543        0.060607        2
40.843071       19.333706       374.000000      0.106308        0.426609        2
31.746874       16.228546       301.000000      0.026574        0.177356        2
22.188007       17.473057       308.000000      0.008332        0.074139        2
24.748737       22.627415       391.000000      0.005781        0.066298        2
45.845245       34.212872       691.000000      0.075633        0.607528        2
21.000000       17.000000       318.000000      0.006353        0.092473        2
37.534992       18.715509       326.000000      0.023865        0.316690        0
25.736849       18.489893       373.000000      0.004143        0.069628        2
237.599060      29.904537       3409.000000     0.003837        0.084599        2
64.953667       33.025955       1068.000000     0.004981        0.108091        2
37.073376       22.178471       437.000000      0.025421        0.424770        0
37.825226       32.317070       745.000000      0.008125        0.193842        2
123.547249      37.289898       1634.000000     0.007480        0.192780        2
122.412659      17.677668       453.000000      0.009297        0.008712        0
427.515137      362.130768      7848.000000     0.087691        0.137033        0
35.733738       13.914022       305.000000      0.034336        0.036708        2
76.241760       12.719212       721.000000      0.027464        0.059143        2
114.543510      23.619507       1388.000000     0.028404        0.089343        2
55.746151       15.593330       458.000000      0.068663        0.278340        0
45.250755       27.477776       631.000000      0.088598        0.443422        0
429.811920      414.282104      7694.000000     0.047101        0.067902        0
43.586803       14.453822       314.000000      0.259848        0.026517        0
75.011383       13.588714       606.000000      0.034518        0.039045        2
137.564911      25.435026       1523.000000     0.032827        0.069982        2
490.000000      360.000000      8435.000000     0.044412        0.077495        0
113.910553      25.040384       1253.000000     0.113046        0.025647        2
96.215919       13.365204       907.000000      0.041029        0.046691        2
35.329876       14.758048       414.000000      0.025070        0.051989        0
493.000000      360.000000      8485.000000     0.057250        0.089658        0
60.006958       35.841721       1158.000000     0.145427        0.071619        2
34.078312       21.308922       379.000000      0.071126        0.110948        2
508.912323      383.411316      11683.000000    0.117988        0.095680        0
69.981079       36.966751       933.000000      0.090499        0.029631        2
41.964512       19.236700       462.000000      0.146240        0.151496        1
61.995708       61.463558       1201.000000     0.044900        0.106226        1
131.080048      62.862099       1704.000000     0.061368        0.189072        1
518.999878      390.999939      9991.000000     0.070037        0.073537        0
63.512424       19.016071       543.000000      0.040703        0.017147        2
153.805588      55.370911       1423.000000     0.034195        0.046885        2
61.667641       53.383160       977.000000      0.013459        0.033601        2
508.000000      393.000000      9583.000000     0.066456        0.067099        0
49.257809       35.618523       406.000000      0.032802        0.015384        2
165.000000      75.799995       3128.000000     0.040168        0.062736        2
40.552258       21.402576       375.000000      0.080770        0.169587        0
524.614502      387.842041      12816.000000    0.129217        0.130934        0
77.629425       69.932693       1072.000000     0.053757        0.022135        2
49.499287       28.134476       799.000000      0.135083        0.141477        2
69.487030       44.560669       1124.000000     0.021927        0.060862        2
54.988190       17.797338       472.000000      0.111542        0.339181        2